24 3c 08 00 18 12 01 01 04 00 00 00 f6 51
24 3c 08 00 18 12 03 01 7c 00 00 00 00 1d
24 3c 08 00 18 12 04 01 7d 00 00 00 f5 a3
24 3c 08 00 18 12 05 01 7e 00 00 00 89 7d
24 3c 08 00 18 12 06 01 7f 00 00 00 dd c5
24 3c 08 00 18 12 07 01 02 00 00 00 8e fb
24 3c 08 00 18 12 08 01 27 00 00 00 86 b5
24 3c 08 00 18 12 0b 01 01 10 00 08 da a9
24 3c 08 00 18 12 0c 01 02 10 00 08 47 fa
24 3c 08 00 18 12 0d 01 03 10 d4 0e 76 70
24 3c 08 00 18 12 0e 01 01 10 00 08 db ea
24 3c 08 00 18 12 0f 01 02 10 00 08 a7 34
24 3c 08 00 18 12 10 01 03 10 d4 0e b1 24
24 3c 08 00 18 12 11 01 01 10 00 08 5c 35
24 3c 08 00 18 12 12 01 02 10 00 08 60 60
24 3c 08 00 18 12 13 01 03 10 d4 0e 51 ea
24 3c 08 00 18 12 14 01 01 10 00 08 5d 76
24 3c 08 00 18 12 15 01 02 10 00 08 21 a8
24 3c 08 00 18 12 16 01 03 10 d4 0e 50 a9
24 3c 08 00 18 12 17 01 01 10 00 08 bd b8
24 3c 08 00 18 12 18 01 02 10 00 08 62 e6
24 3c 08 00 18 12 19 01 03 10 d4 0e 53 6c
24 3c 08 00 18 12 1a 01 01 10 00 08 fe f6
24 3c 08 00 18 12 1b 01 02 10 00 08 82 28
24 3c 08 00 18 12 1c 01 03 10 d4 0e 52 2f
24 3c 08 00 18 12 1d 01 01 10 00 08 bf 3e
24 3c 08 00 18 12 1e 01 02 10 00 08 83 6b
24 3c 08 00 18 12 1f 01 03 10 d4 0e b2 e1
24 3c 08 00 18 12 20 01 01 10 00 08 70 5f
24 3c 08 00 18 12 21 01 02 10 00 08 0c 81
24 3c 08 00 18 12 22 01 03 10 d4 0e 7d 80
24 3c 08 00 18 12 23 01 01 10 00 08 90 91
24 3c 08 00 18 12 24 01 02 10 00 08 0d c2
24 3c 08 00 18 12 25 01 03 10 d4 0e 3c 48
24 3c 08 00 18 12 26 01 01 10 00 08 91 d2
24 3c 08 00 18 12 27 01 02 10 00 08 ed 0c
24 3c 08 00 18 12 28 01 03 10 d4 0e 7f 06
24 3c 08 00 18 12 29 01 01 10 00 08 92 17
24 3c 08 00 18 12 2a 01 02 10 00 08 ae 42
24 3c 08 00 18 12 2b 01 03 10 d4 0e 9f c8
24 3c 08 00 18 12 2c 01 01 10 00 08 93 54
24 3c 08 00 18 12 2d 01 02 10 00 08 ef 8a
24 3c 08 00 18 12 2e 01 03 10 d4 0e 9e 8b
24 3c 08 00 18 12 2f 01 01 10 00 08 73 9a
24 3c 08 00 18 12 30 01 02 10 00 08 28 de
24 3c 08 00 18 12 31 01 03 10 d4 0e 19 54
24 3c 08 00 18 12 32 01 01 10 00 08 b4 ce
24 3c 08 00 18 12 33 01 02 10 00 08 c8 10
24 3c 08 00 18 12 34 01 03 10 d4 0e 18 17
