24 3c 08 00 18 12 01 01 04 00 00 00 f6 51
24 3c 08 00 18 12 03 01 7c 00 00 00 00 1d
24 3c 08 00 18 12 04 01 7d 00 00 00 f5 a3
24 3c 08 00 18 12 05 01 7e 00 00 00 89 7d
24 3c 08 00 18 12 06 01 7f 00 00 00 dd c5
24 3c 08 00 18 12 07 01 02 00 00 00 8e fb
24 3c 08 00 18 12 08 01 27 00 00 00 86 b5
24 3c 08 00 18 12 0b 01 01 10 00 08 da a9
24 3c 08 00 18 12 0c 01 02 10 00 08 47 fa
24 3c 08 00 18 12 0d 01 03 10 2c 01 f1 1b
24 3c 08 00 18 12 0e 01 01 10 d4 0e fe 53
24 3c 08 00 18 12 0f 01 02 10 00 08 a7 34
24 3c 08 00 18 12 10 01 03 10 00 08 94 9d
24 3c 08 00 18 12 11 01 01 10 d4 0e 79 8c
24 3c 08 00 18 12 12 01 02 10 00 08 60 60
24 3c 08 00 18 12 13 01 03 10 00 08 74 53
24 3c 08 00 18 12 14 01 01 10 d4 0e 78 cf
24 3c 08 00 18 12 15 01 02 10 00 08 21 a8
24 3c 08 00 18 12 16 01 03 10 00 08 75 10
24 3c 08 00 18 12 17 01 01 10 d4 0e 98 01
24 3c 08 00 18 12 18 01 02 10 00 08 62 e6
24 3c 08 00 18 12 19 01 03 10 00 08 76 d5
24 3c 08 00 18 12 1a 01 01 10 d4 0e db 4f
24 3c 08 00 18 12 1b 01 02 10 00 08 82 28
24 3c 08 00 18 12 1c 01 03 10 00 08 77 96
24 3c 08 00 18 12 1d 01 01 10 d4 0e 9a 87
24 3c 08 00 18 12 1e 01 02 10 00 08 83 6b
24 3c 08 00 18 12 1f 01 03 10 00 08 97 58
24 3c 08 00 18 12 20 01 01 10 d4 0e 55 e6
24 3c 08 00 18 12 21 01 02 10 00 08 0c 81
24 3c 08 00 18 12 22 01 03 10 00 08 58 39
