24 3c 08 00 18 12 01 01 04 00 00 00 f6 51
24 3c 08 00 18 12 03 01 7c 00 00 00 00 1d
24 3c 08 00 18 12 04 01 7d 00 00 00 f5 a3
24 3c 08 00 18 12 05 01 7e 00 00 00 89 7d
24 3c 08 00 18 12 06 01 02 00 00 00 2e be
24 3c 08 00 18 12 07 01 7f 00 00 00 7d 80
24 3c 08 00 18 12 08 01 27 00 00 00 86 b5
24 3c 08 00 18 12 0b 01 01 10 2c 01 78 7b
24 3c 08 00 18 12 0c 01 02 10 00 08 47 fa
24 3c 08 00 18 12 0d 01 03 10 2c 01 f1 1b
24 3c 08 00 18 12 0e 01 01 10 2c 01 79 38
24 3c 08 00 18 12 0f 01 02 10 00 08 a7 34
24 3c 08 00 18 12 10 01 03 10 00 08 94 9d
24 3c 08 00 18 12 11 01 01 10 2c 01 fe e7
24 3c 08 00 18 12 12 01 02 10 00 08 60 60
24 3c 08 00 18 12 13 01 03 10 00 08 74 53
24 3c 08 00 18 12 14 01 01 10 2c 01 ff a4
24 3c 08 00 18 12 15 01 02 10 00 08 21 a8
24 3c 08 00 18 12 16 01 03 10 00 08 75 10
24 3c 08 00 18 12 17 01 01 10 2c 01 1f 6a
24 3c 08 00 18 12 18 01 02 10 00 08 62 e6
24 3c 08 00 18 12 19 01 03 10 00 08 76 d5
24 3c 08 00 18 12 1a 01 01 10 2c 01 5c 24
24 3c 08 00 18 12 1b 01 02 10 00 08 82 28
24 3c 08 00 18 12 1c 01 03 10 00 08 77 96
24 3c 08 00 18 12 1d 01 01 10 2c 01 1d ec
24 3c 08 00 18 12 1e 01 02 10 00 08 83 6b
24 3c 08 00 18 12 1f 01 03 10 00 08 97 58
24 3c 08 00 18 12 20 01 01 10 2c 01 d2 8d
24 3c 08 00 18 12 21 01 02 10 00 08 0c 81
24 3c 08 00 18 12 22 01 03 10 2c 01 fa eb
24 3c 08 00 18 12 23 01 01 10 2c 01 32 43
24 3c 08 00 18 12 24 01 02 10 00 08 0d c2
24 3c 08 00 18 12 25 01 03 10 00 08 19 f1
24 3c 08 00 18 12 26 01 01 10 2c 01 33 00
24 3c 08 00 18 12 27 01 02 10 00 08 ed 0c
24 3c 08 00 18 12 28 01 03 10 00 08 5a bf
24 3c 08 00 18 12 29 01 01 10 2c 01 30 c5
24 3c 08 00 18 12 2a 01 02 10 00 08 ae 42
24 3c 08 00 18 12 2b 01 03 10 00 08 ba 71
24 3c 08 00 18 12 2c 01 01 10 2c 01 31 86
24 3c 08 00 18 12 2d 01 02 10 00 08 ef 8a
24 3c 08 00 18 12 2e 01 03 10 00 08 bb 32
